
----- Robot model information:
Model name =                          drc_skeleton
Size of configuration vector =        37
Number of joints (with universe) =    32
Number of DoF =                       36
Number of bodies =                    32
Number of operational frames =        63
Gravity =                             0         0         -9.81


Joint torque bounds =                 1.8e+308  1.8e+308  1.8e+308  1.8e+308  1.8e+308  1.8e+308  106       445       300       87        99        63        112       25
      25        25        25        87        99        63        112       25        25        25        275       530       840       890       740       360       275
    530       840       890       740       360


Joint configuration upper bounds =    1.8e+308  1.8e+308  1.8e+308  1.8e+308  1.8e+308  1.8e+308  1.8e+308  0.663     0.539     0.524     0.785     1.57      3.14      2.36
      3.01      1.76      2.97      1.14      1.57      1.57      3.14      0         3.01      1.76      2.97      0.787     0.524     0.658     2.36      0.7       0.8
    0.174     0.524     0.658     2.36      0.7       0.8


Joint configuration lower bounds =    -1.8e+308 -1.8e+308 -1.8e+308 -1.8e+308 -1.8e+308 -1.8e+308 -1.8e+308 -0.663    -0.219    -0.524    -1.57     -1.57     0         0
      -3.01     -1.76     -2.97     -0.602    -0.785    -1.57     0         -2.36     -3.01     -1.76     -2.97     -0.174    -0.524    -1.61     0         -1        -0.8
    -0.787    -0.524    -1.61     0         -1        -0.8


Joint velocity bounds =               1.8e+308  1.8e+308  1.8e+308  1.8e+308  1.8e+308  1.8e+308  12        9         12        12        12        12        12        10
      10        10        6.28      12        12        12        12        10        10        10        12        12        12        12        12        12        12
    12        12        12        12        12


Barycentric parameters =                     17.9      0.198     0         0.485     0.138     0.0008    0.111     -0.00608  -0.0005   0.119     2.41      -0.0272   -7.6e-0
6  0.18      0.0173    -1.36e-07 0.0172    0.00169   1.05e-06  0.00205   0.69      -0.00563  -0.00906  0.0211    0.00122   -0.000135 0.00118   0.000212  0.00033   0.000609
 63.7      -3.7      0         19.5      7.42      0.00362   7.68      1.47      0.001     1.52      3.45      0         0.166     -0.29     0.0433    0         0.0333    0
         0.00991   0.0119    3.01      0         0         0         0.00319   0         0.00583   0         0         0.00583   3.39      0         -0.22     0         0.0
209    0         0.00358   0         0         0.0209    2.51      0         0         0         0.00265   0         0.00446   0         0         0.00446   2.12      0
     -0.424    0         0.0908    0         0.003     0         0         0.0908    2.65      0         -0.185    0         0.02      0         0.004     0         0
   0.02      0.53      0         0.0318    0         0.00456   0         0.00446   0         0         0.00637   3.75      -0.18     0         0.171     0.0186    -0.0001
 0.0347    0.00755   -0.0003   0.0195    3.45      0         -0.166    -0.29     0.0433    0         0.0333    0         -0.00991  0.0119    3.01      0         0         0
         0.00319   0         0.00583   0         0         0.00583   3.39      0         0.22      0         0.0209    0         0.00358   0         0         0.0209    2.5
1      0         0         0         0.00265   0         0.00446   0         0         0.00446   2.12      0         0.424     0         0.0908    0         0.003     0
     0         0.0908    2.65      0         0.185     0         0.02      0         0.004     0         0         0.02      0.53      0         -0.0318   0         0.00456

   0         0.00446   0         0         0.00637   0.648     0.00343   -0.00223  0.00203   0.000757  1.18e-05  0.000713  -3.87e-05 6.96e-06  0.000438  0.866     0.0115
 0.0148    -0.027    0.00179   -0.000219 0.00227   0.000363  0.000599  0.00147   9.21      0         0         -1.93     0.496     0         0.496     0         0         0
.02      5.48      0.00548   0         -1.02     0.269     0         0.268     -0.00198  0         0.01      0.125     0         0         0         1.02e-05  0         8.4
3e-06  0         0         1.3e-05   2.05      0.0553    0         -0.137    0.0112    0         0.0177    0.00371   0         0.00949   0.648     0.00343   0.00223   0.002
03   0.000757  -1.18e-05 0.000713  -3.87e-05 -6.96e-06 0.000438  0.866     0.0115    -0.0148   -0.027    0.00179   0.000219  0.00227   0.000363  -0.000599 0.00147   9.21
   0         0         -1.93     0.496     0         0.496     0         0         0.02      5.48      0.00548   0         -1.02     0.269     0         0.268     -0.00198
 0         0.01      0.125     0         0         0         1.02e-05  0         8.43e-06  0         0         1.3e-05   2.05      0.0553    0         -0.137    0.0112    0
         0.0177    0.00371   0         0.00949   0         0         0         0         0         0         0         0         0         0         0         0         0
       0         0         0         0         0         0         0         0         0         0         0         0         0         0         0         0         0
     0         0         0         0         0         0         0         0         0         0         4.94e-324 0         0         0         1         0         0
   0         0         0

-----Name of each joint in the model:
0    universe
1    root_joint
2    back_bkz
3    back_bky
4    back_bkx
5    l_arm_shz
6    l_arm_shx
7    l_arm_ely
8    l_arm_elx
9    l_arm_wry
10   l_arm_wrx
11   l_arm_wry2
12   neck_ry
13   r_arm_shz
14   r_arm_shx
15   r_arm_ely
16   r_arm_elx
17   r_arm_wry
18   r_arm_wrx
19   r_arm_wry2
20   l_leg_hpz
21   l_leg_hpx
22   l_leg_hpy
23   l_leg_kny
24   l_leg_aky
25   l_leg_akx
26   r_leg_hpz
27   r_leg_hpx
28   r_leg_hpy
29   r_leg_kny
30   r_leg_aky
31   r_leg_akx

----- Placement of each frame in the model (in neutral configuration):
0    universe                      0          0          0
1    root_joint                    0          0          0
2    pelvis                        0          0          0
3    back_bkz                      -0.0125    0          0
4    ltorso                        -0.0125    0          0
5    back_bky                      -0.0125    0          0.162
6    mtorso                        -0.0125    0          0.162
7    back_bkx                      -0.0125    0          0.212
8    utorso                        -0.0125    0          0.212
9    l_arm_shz                     0.128      0.204      0.69
10   l_clav                        0.128      0.204      0.69
11   l_arm_shx                     0.128      0.302      0.439
12   l_scap                        0.128      0.302      0.439
13   l_arm_ely                     0.128      0.489      0.455
14   l_uarm                        0.128      0.489      0.455
15   l_arm_elx                     0.128      0.608      0.464
16   l_larm                        0.128      0.608      0.464
17   l_arm_wry                     0.128      0.308      0.454
18   l_ufarm                       0.128      0.308      0.454
19   l_arm_wrx                     0.128      0.308      0.454
20   l_lfarm                       0.128      0.308      0.454
21   l_arm_wry2                    0.128      0.308      0.454
22   l_hand                        0.128      0.308      0.454
23   neck_ry                       0.242      0          0.834
24   head                          0.242      0          0.834
25   r_arm_shz                     0.128      -0.204     0.69
26   r_clav                        0.128      -0.204     0.69
27   r_arm_shx                     0.128      -0.302     0.439
28   r_scap                        0.128      -0.302     0.439
29   r_arm_ely                     0.128      -0.489     0.455
30   r_uarm                        0.128      -0.489     0.455
31   r_arm_elx                     0.128      -0.608     0.464
32   r_larm                        0.128      -0.608     0.464
33   r_arm_wry                     0.128      -0.308     0.454
34   r_ufarm                       0.128      -0.308     0.454
35   r_arm_wrx                     0.128      -0.308     0.454
36   r_lfarm                       0.128      -0.308     0.454
37   r_arm_wry2                    0.128      -0.308     0.454
38   r_hand                        0.128      -0.308     0.454
39   l_leg_hpz                     0          0.089      0
40   l_uglut                       0          0.089      0
41   l_leg_hpx                     0          0.089      0
42   l_lglut                       0          0.089      0
43   l_leg_hpy                     0.05       0.111      -0.066
44   l_uleg                        0.05       0.111      -0.066
45   l_leg_kny                     0          0.111      -0.44
46   l_lleg                        0          0.111      -0.44
47   l_leg_aky                     0          0.111      -0.862
48   l_talus                       0          0.111      -0.862
49   l_leg_akx                     0          0.111      -0.862
50   l_foot                        0          0.111      -0.862
51   r_leg_hpz                     0          -0.089     0
52   r_uglut                       0          -0.089     0
53   r_leg_hpx                     0          -0.089     0
54   r_lglut                       0          -0.089     0
55   r_leg_hpy                     0.05       -0.111     -0.066
56   r_uleg                        0.05       -0.111     -0.066
57   r_leg_kny                     0          -0.111     -0.44
58   r_lleg                        0          -0.111     -0.44
59   r_leg_aky                     0          -0.111     -0.862
60   r_talus                       0          -0.111     -0.862
61   r_leg_akx                     0          -0.111     -0.862
62   r_foot                        0          -0.111     -0.862
